hex
3f7ff85d
f4000000
3c3a25d5
d2008000
0
10000
0
18000
0
20000
363ea082
8a00000
0
0
0
0
3f7ff0eb
c7000000
3c3a2320
af008000
0
10000
0
18000
0
20000
363e9ea8
d3a00000
0
0
0
0
3f7ff0eb
c7000000
3c3a2320
af008000
0
10000
0
18000
0
20000
363e9ea8
d3a00000
0
0
0
0
3f7fe979
d2000000
3c3a206b
9a008000
0
10000
0
18000
0
20000
363e9ccf
a6a00000
0
0
0
0
3f647977
21000000
3c2ff5e2
66008000
0
10000
0
18000
0
20000
36379b34
2ca00000
0
0
0
0
3f6472d1
b6000000
3c2ff35f
9a008000
0
10000
0
18000
0
20000
36379974
dca00000
0
0
0
0
3f6472d1
b6000000
3c2ff35f
9a008000
0
10000
0
18000
0
20000
36379974
dca00000
0
0
0
0
3f646c2c
7d000000
3c2ff0dc
da008000
0
10000
0
18000
0
20000
363797b5
92a00000
0
0
0
0
0
0
0
0
0
0
0
0
0
0
0
0
0
0
0
0
0
0
0
0
0
0
0
0
0
0
0
0
0
0
