hex
0
0
0
0
0
0
3c23d70a
3d000000
3f800000
8000
0
0
0
0
0
0
0
0
0
0
3c23d70a
3d000000
3ca3d70a
3d000000
3f800000
8000
0
0
0
0
0
0
0
0
3c23d70a
3d000000
0
0
3ca3d70a
3d000000
3f800000
8000
0
0
0
0
0
0
0
0
3c23d70a
3d000000
3c23d70a
3d000000
3cf5c28f
5c000000
3f800000
8000
0
0
0
0
0
0
41200000
0
0
0
0
0
412028f5
c3000000
3f800000
8000
0
0
0
0
0
0
41200000
0
0
0
3c23d70a
3d000000
412051eb
85000000
3f800000
8000
0
0
0
0
0
0
41200000
0
3c23d70a
3d000000
0
0
412051eb
85000000
3f800000
8000
0
0
0
0
0
0
41200000
0
3c23d70a
3d000000
3c23d70a
3d000000
41207ae1
48000000
3f800000
8000
0
0
0
0
0
0
0
0
0
0
0
0
0
0
0
0
0
0
0
0
0
0
0
0
0
0
0
0
0
0
0
0
0
0
0
0
