hex
ba030c4c
cd000000
3f7fef6e
91008000
0
10000
0
18000
0
20000
0
28000
0
30000
3a030e34
cea00000
ba030a64
d5000000
3f7fef6e
92008000
0
10000
0
18000
0
20000
0
28000
0
30000
3a030e34
cfa00000
ba030a64
d5000000
3f7fef6e
92008000
0
10000
0
18000
0
20000
0
28000
0
30000
3a030e34
cfa00000
ba03087c
e7000000
3f7fef6e
92008000
0
10000
0
18000
0
20000
0
28000
0
30000
3a030e34
cfa00000
b9f7c09d
d0000000
3f7fef70
53008000
0
10000
0
18000
0
20000
0
28000
0
30000
3a030e35
8a00000
b9f7bd14
c3000000
3f7fef70
53008000
0
10000
0
18000
0
20000
0
28000
0
30000
3a030e35
8a00000
b9f7bd14
c3000000
3f7fef70
53008000
0
10000
0
18000
0
20000
0
28000
0
30000
3a030e35
8a00000
b9f7b98b
c9000000
3f7fef70
53008000
0
10000
0
18000
0
20000
0
28000
0
30000
3a030e35
8a00000
0
0
0
0
0
0
0
0
0
0
0
0
0
0
0
0
0
0
0
0
0
0
0
0
0
0
0
0
0
0
